28773
15847
21100812243
20425
16590
20315
17700156734
12464
23340
21100812579
85291
29719
23350
21206
23571
21100780831
6200180159
21318
17854
18434
16115
15819
28677
21100826569
20313
12354
17437
18991
26651
29949
17899
5200152704
5700165152
144840
21100862548
51748
17500155114
16860
17700156208
21100212318
21100834904
27538
17700156440
18990
21100884663
19881
17700156408
17814
29093
24769
29229
16801
24004
21100237403
21100199127
21100220495
21100420583
22471
17900156715
22581
23183
26465
19651
20798
18100156701
21100265444
146172
28599
26574
21100198409
6100153018
13443
22657
17700156202
22401
25297
13900
21315
17700156509
17436
19014
19700173023
20651
28366
21100788876
120008
16721
4000151822
21100832985
21100831443
19897
21100886132
21100228546
28711
22475
29993
4900152301
21100196101
26099
12137
18902
24254
5800207505
27567
12996
14365
110325
21100831440
26430
24535
9000153105
24668
21100332429
21191
22321
18567
17809
19133
22642
21100416121
16715
17600155011