22657
24972
28583
24535
14324
26978
12067
15081
15110
19799
24721
20485
21100330722
26651
16801
13037
22005
110325
19133
13839
21100196101
20651
19700188395
14181
11300153736
19479
16721
12010
18093
51748
28773
29093
18434
6100153018
23340
23350
22581
23063
25820
13184
18144
17500155114
23183
19897
38062
21928
28330
15131
15623
17249
17900156715
5800207505
25037
26053
18935
20798
18197
28137
11300153407
21100228540
21100228543
85291
29949
25858
23040
19169
12137
24245
24668
16590
21100237403
21100265444
22471
16860
12354
21100220495
28677
17814
24769
110092
26371
21206
16115
18100156701
21100198409
18990
17600155041
21315
17854
15819
144840
5200152704
17436
5700165152
4000151822
12464
17700156734
20425
18991
21318
20313
20315
17700156408
17437
33648
15847
9000153105
12628
22278
21191
13017
24004
27538
26463
17899
26465
27130
15090
28599
29719
23571
24513
26430
30867
15359
14365
17809
18795
24497
21100200203
6200180159